pitch: 1.611278712643832
roll: 0
tx: -0.39561240928282226
ty: 1.4505936269378452
tz: 5.295032569325086
yaw: -0.02987318724333858
